# Choregraphe bezier export in Python.
from naoqi import ALProxy
names = list()
times = list()
keys = list()

names.append("HeadPitch")
times.append([1.32, 2.8, 4.32, 5.44])
keys.append([[0.00509708, [3, -0.44, 0], [3, 0.493333, 0]], [0.00509708, [3, -0.493333, 0], [3, 0.506667, 0]], [0.00509708, [3, -0.506667, 0], [3, 0.373333, 0]], [-0.388097, [3, -0.373333, 0], [3, 0, 0]]])

names.append("LElbowRoll")
times.append([1.32, 2.8, 4.32, 5.44])
keys.append([[-0.201107, [3, -0.44, 0], [3, 0.493333, 0]], [-0.748746, [3, -0.493333, 0], [3, 0.506667, 0]], [-0.201107, [3, -0.506667, -0.106385], [3, 0.373333, 0.0783887]], [-0.122719, [3, -0.373333, 0], [3, 0, 0]]])

names.append("LHand")
times.append([1.32, 2.8, 4.32, 5.44])
keys.append([[0.909461, [3, -0.44, 0], [3, 0.493333, 0]], [0.909461, [3, -0.493333, 0], [3, 0.506667, 0]], [0.909461, [3, -0.506667, 0], [3, 0.373333, 0]], [0.680141, [3, -0.373333, 0], [3, 0, 0]]])

names.append("LShoulderPitch")
times.append([1.32, 2.8, 4.32, 5.44])
keys.append([[1.25243, [3, -0.44, 0], [3, 0.493333, 0]], [1.25243, [3, -0.493333, 0], [3, 0.506667, 0]], [1.25243, [3, -0.506667, 0], [3, 0.373333, 0]], [1.76561, [3, -0.373333, 0], [3, 0, 0]]])

names.append("LShoulderRoll")
times.append([1.32, 2.8, 4.32, 5.44])
keys.append([[0.532809, [3, -0.44, 0], [3, 0.493333, 0]], [0.532809, [3, -0.493333, 0], [3, 0.506667, 0]], [0.532809, [3, -0.506667, 0], [3, 0.373333, 0]], [0.079767, [3, -0.373333, 0], [3, 0, 0]]])

names.append("LWristYaw")
times.append([1.32, 2.8, 4.32, 5.44])
keys.append([[-1.41481, [3, -0.44, 0], [3, 0.493333, 0]], [-1.41481, [3, -0.493333, 0], [3, 0.506667, 0]], [-1.41481, [3, -0.506667, 0], [3, 0.373333, 0]], [0.0214341, [3, -0.373333, 0], [3, 0, 0]]])

names.append("RElbowRoll")
times.append([1.32, 2.8, 4.32, 5.44])
keys.append([[0.201107, [3, -0.44, 0], [3, 0.493333, 0]], [0.748746, [3, -0.493333, 0], [3, 0.506667, 0]], [0.201107, [3, -0.506667, 0.11263], [3, 0.373333, -0.0829907]], [0.118117, [3, -0.373333, 0], [3, 0, 0]]])

names.append("RHand")
times.append([1.32, 2.8, 4.32, 5.44])
keys.append([[0.909461, [3, -0.44, 0], [3, 0.493333, 0]], [0.909461, [3, -0.493333, 0], [3, 0.506667, 0]], [0.909461, [3, -0.506667, 0], [3, 0.373333, 0]], [0.681019, [3, -0.373333, 0], [3, 0, 0]]])

names.append("RShoulderPitch")
times.append([1.32, 2.8, 4.32, 5.44])
keys.append([[1.25243, [3, -0.44, 0], [3, 0.493333, 0]], [1.25243, [3, -0.493333, 0], [3, 0.506667, 0]], [1.25243, [3, -0.506667, 0], [3, 0.373333, 0]], [1.73033, [3, -0.373333, 0], [3, 0, 0]]])

names.append("RShoulderRoll")
times.append([1.32, 2.8, 4.32, 5.44])
keys.append([[-0.532809, [3, -0.44, 0], [3, 0.493333, 0]], [-0.532809, [3, -0.493333, 0], [3, 0.506667, 0]], [-0.532809, [3, -0.506667, 0], [3, 0.373333, 0]], [-0.079767, [3, -0.373333, 0], [3, 0, 0]]])

names.append("RWristYaw")
times.append([1.32, 2.8, 4.32, 5.44])
keys.append([[1.41481, [3, -0.44, 0], [3, 0.493333, 0]], [1.41481, [3, -0.493333, 0], [3, 0.506667, 0]], [1.41481, [3, -0.506667, 0], [3, 0.373333, 0]], [-0.0061779, [3, -0.373333, 0], [3, 0, 0]]])

try:
  # uncomment the following line and modify the IP if you use this script outside Choregraphe.
  # motion = ALProxy("ALMotion", IP, 9559)
  motion = ALProxy("ALMotion")
  motion.angleInterpolationBezier(names, times, keys)
except BaseException, err:
  print err
