# Choregraphe bezier export in Python.
from naoqi import ALProxy
names = list()
times = list()
keys = list()

names.append("HipPitch")
times.append([2.48, 3.92, 5.6])
keys.append([[-0.506145, [3, -0.826667, 0], [3, 0.48, 0]], [-0.506145, [3, -0.48, 0], [3, 0.56, 0]], [-0.0168738, [3, -0.56, 0], [3, 0, 0]]])

names.append("LElbowRoll")
times.append([2.48, 3.2, 3.92, 4.6, 5.6])
keys.append([[-1.03847, [3, -0.826667, 0], [3, 0.24, 0]], [-0.731293, [3, -0.24, 0], [3, 0.24, 0]], [-1.03847, [3, -0.24, 0], [3, 0.226667, 0]], [-0.731293, [3, -0.226667, -0.124175], [3, 0.333333, 0.18261]], [-0.118117, [3, -0.333333, 0], [3, 0, 0]]])

names.append("LElbowYaw")
times.append([2.48, 3.2, 3.92, 4.6, 5.6])
keys.append([[-1.71465, [3, -0.826667, 0], [3, 0.24, 0]], [-1.71465, [3, -0.24, 0], [3, 0.24, 0]], [-1.71465, [3, -0.24, 0], [3, 0.226667, 0]], [-1.71465, [3, -0.226667, 0], [3, 0.333333, 0]], [-1.71346, [3, -0.333333, 0], [3, 0, 0]]])

names.append("LHand")
times.append([2.48, 3.2, 3.92, 4.6, 5.6])
keys.append([[0.968944, [3, -0.826667, 0], [3, 0.24, 0]], [0.968944, [3, -0.24, 0], [3, 0.24, 0]], [0.968944, [3, -0.24, 0], [3, 0.226667, 0]], [0.968944, [3, -0.226667, 0], [3, 0.333333, 0]], [0.668717, [3, -0.333333, 0], [3, 0, 0]]])

names.append("LShoulderPitch")
times.append([2.48, 3.2, 3.92, 4.6, 5.6])
keys.append([[0.920207, [3, -0.826667, 0], [3, 0.24, 0]], [0.920207, [3, -0.24, 0], [3, 0.24, 0]], [0.920207, [3, -0.24, 0], [3, 0.226667, 0]], [0.920207, [3, -0.226667, 0], [3, 0.333333, 0]], [1.76868, [3, -0.333333, 0], [3, 0, 0]]])

names.append("LShoulderRoll")
times.append([2.48, 3.2, 3.92, 4.6, 5.6])
keys.append([[0.0925099, [3, -0.826667, 0], [3, 0.24, 0]], [0.0925099, [3, -0.24, 0], [3, 0.24, 0]], [0.0925099, [3, -0.24, 0], [3, 0.226667, 0]], [0.0925099, [3, -0.226667, 0], [3, 0.333333, 0]], [0.0736311, [3, -0.333333, 0], [3, 0, 0]]])

names.append("LWristYaw")
times.append([2.48, 3.2, 3.92, 4.6, 5.6])
keys.append([[1.79427, [3, -0.826667, 0], [3, 0.24, 0]], [1.79427, [3, -0.24, 0], [3, 0.24, 0]], [1.79427, [3, -0.24, 0], [3, 0.226667, 0]], [1.79427, [3, -0.226667, 0], [3, 0.333333, 0]], [0.053648, [3, -0.333333, 0], [3, 0, 0]]])

names.append("RElbowRoll")
times.append([2.48, 3.2, 3.92, 4.6, 5.6])
keys.append([[0.655504, [3, -0.826667, 0], [3, 0.24, 0]], [0.655504, [3, -0.24, 0], [3, 0.24, 0]], [0.655504, [3, -0.24, 0], [3, 0.226667, 0]], [0.655504, [3, -0.226667, 0], [3, 0.333333, 0]], [0.110447, [3, -0.333333, 0], [3, 0, 0]]])

names.append("RElbowYaw")
times.append([2.48, 3.2, 3.92, 4.6, 5.6])
keys.append([[0.63522, [3, -0.826667, 0], [3, 0.24, 0]], [0.63522, [3, -0.24, 0], [3, 0.24, 0]], [0.63522, [3, -0.24, 0], [3, 0.226667, 0]], [0.63522, [3, -0.226667, 0], [3, 0.333333, 0]], [1.69045, [3, -0.333333, 0], [3, 0, 0]]])

names.append("RHand")
times.append([2.48, 3.2, 3.92, 4.6, 5.6])
keys.append([[0.550896, [3, -0.826667, 0], [3, 0.24, 0]], [0.550896, [3, -0.24, 0], [3, 0.24, 0]], [0.550896, [3, -0.24, 0], [3, 0.226667, 0]], [0.550896, [3, -0.226667, 0], [3, 0.333333, 0]], [0.670475, [3, -0.333333, 0], [3, 0, 0]]])

names.append("RShoulderPitch")
times.append([2.48, 3.2, 3.92, 4.6, 5.6])
keys.append([[1.24858, [3, -0.826667, 0], [3, 0.24, 0]], [1.24858, [3, -0.24, 0], [3, 0.24, 0]], [1.24858, [3, -0.24, 0], [3, 0.226667, 0]], [1.24858, [3, -0.226667, 0], [3, 0.333333, 0]], [1.73186, [3, -0.333333, 0], [3, 0, 0]]])

names.append("RShoulderRoll")
times.append([2.48, 3.2, 3.92, 4.6, 5.6])
keys.append([[-0.17139, [3, -0.826667, 0], [3, 0.24, 0]], [-0.17139, [3, -0.24, 0], [3, 0.24, 0]], [-0.17139, [3, -0.24, 0], [3, 0.226667, 0]], [-0.17139, [3, -0.226667, 0], [3, 0.333333, 0]], [-0.0736311, [3, -0.333333, 0], [3, 0, 0]]])

names.append("RWristYaw")
times.append([2.48, 3.2, 3.92, 4.6, 5.6])
keys.append([[-0.0222678, [3, -0.826667, 0], [3, 0.24, 0]], [-0.0222678, [3, -0.24, 0], [3, 0.24, 0]], [-0.0222678, [3, -0.24, 0], [3, 0.226667, 0]], [-0.0222678, [3, -0.226667, 0], [3, 0.333333, 0]], [-0.0399261, [3, -0.333333, 0], [3, 0, 0]]])

try:
  # uncomment the following line and modify the IP if you use this script outside Choregraphe.
  # motion = ALProxy("ALMotion", IP, 9559)
  motion = ALProxy("ALMotion")
  motion.angleInterpolationBezier(names, times, keys)
except BaseException, err:
  print err
