# Choregraphe bezier export in Python.
from naoqi import ALProxy
names = list()
times = list()
keys = list()

names.append("HeadPitch")
times.append([2.08, 4.36, 6.12, 8.36, 10.36])
keys.append([[0.00509708, [3, -0.693333, 0], [3, 0.76, 0]], [0.00509708, [3, -0.76, 0], [3, 0.586667, 0]], [0.00509708, [3, -0.586667, 0], [3, 0.746667, 0]], [0.00509708, [3, -0.746667, 0], [3, 0.666667, 0]], [-0.388097, [3, -0.666667, 0], [3, 0, 0]]])

names.append("HipPitch")
times.append([2.08, 4.36, 6.12, 8.36, 10.36])
keys.append([[-0.00349066, [3, -0.693333, 0], [3, 0.76, 0]], [-0.260443, [3, -0.76, 0], [3, 0.586667, 0]], [-0.00349066, [3, -0.586667, 0], [3, 0.746667, 0]], [-0.260443, [3, -0.746667, 0], [3, 0.666667, 0]], [-0.0168738, [3, -0.666667, 0], [3, 0, 0]]])

names.append("RElbowRoll")
times.append([2.08, 4.36, 6.12, 8.36, 10.36])
keys.append([[1.4082, [3, -0.693333, 0], [3, 0.76, 0]], [0.883596, [3, -0.76, 0], [3, 0.586667, 0]], [1.4082, [3, -0.586667, 0], [3, 0.746667, 0]], [0.883596, [3, -0.746667, 0.228535], [3, 0.666667, -0.204049]], [0.110447, [3, -0.666667, 0], [3, 0, 0]]])

names.append("RElbowYaw")
times.append([2.08, 4.36, 6.12, 8.36, 10.36])
keys.append([[1.19207, [3, -0.693333, 0], [3, 0.76, 0]], [1.22986, [3, -0.76, 0], [3, 0.586667, 0]], [1.19207, [3, -0.586667, 0], [3, 0.746667, 0]], [1.22986, [3, -0.746667, -0.0377864], [3, 0.666667, 0.0337379]], [1.69045, [3, -0.666667, 0], [3, 0, 0]]])

names.append("RHand")
times.append([2.08, 4.36, 6.12, 8.36, 10.36])
keys.append([[0.97416, [3, -0.693333, 0], [3, 0.76, 0]], [0.97416, [3, -0.76, 0], [3, 0.586667, 0]], [0.97416, [3, -0.586667, 0], [3, 0.746667, 0]], [0.97416, [3, -0.746667, 0], [3, 0.666667, 0]], [0.670475, [3, -0.666667, 0], [3, 0, 0]]])

names.append("RShoulderPitch")
times.append([2.08, 4.36, 6.12, 8.36, 10.36])
keys.append([[0.7945, [3, -0.693333, 0], [3, 0.76, 0]], [0.7945, [3, -0.76, 0], [3, 0.586667, 0]], [0.7945, [3, -0.586667, 0], [3, 0.746667, 0]], [0.7945, [3, -0.746667, 0], [3, 0.666667, 0]], [1.73186, [3, -0.666667, 0], [3, 0, 0]]])

names.append("RShoulderRoll")
times.append([2.08, 4.36, 6.12, 8.36, 10.36])
keys.append([[-0.300717, [3, -0.693333, 0], [3, 0.76, 0]], [-0.300876, [3, -0.76, 0], [3, 0.586667, 0]], [-0.300717, [3, -0.586667, 0], [3, 0.746667, 0]], [-0.300876, [3, -0.746667, 0], [3, 0.666667, 0]], [-0.0736311, [3, -0.666667, 0], [3, 0, 0]]])

names.append("RWristYaw")
times.append([2.08, 4.36, 6.12, 8.36, 10.36])
keys.append([[-1.22326, [3, -0.693333, 0], [3, 0.76, 0]], [-1.22326, [3, -0.76, 0], [3, 0.586667, 0]], [-1.22326, [3, -0.586667, 0], [3, 0.746667, 0]], [-1.22326, [3, -0.746667, 0], [3, 0.666667, 0]], [-0.0399261, [3, -0.666667, 0], [3, 0, 0]]])

try:
  # uncomment the following line and modify the IP if you use this script outside Choregraphe.
  # motion = ALProxy("ALMotion", IP, 9559)
  motion = ALProxy("ALMotion")
  motion.angleInterpolationBezier(names, times, keys)
except BaseException, err:
  print err
